RESULTS


_____EEGNET_____

With init_filter data, 300 epochs, sigmoid activation

    [[0.7138277, 0.28617287],
    [0.5637057, 0.43629473],
    [0.6218500, 0.37815124],
    [0.7166857, 0.28331438],
    [0.6754987, 0.32450426],
    [0.8090515, 0.19095036],
    [0.5339635, 0.46603800],
    [0.2460488, 0.75395140],
    [0.4467932, 0.55320940],
    [0.6290466, 0.37095330],
    [0.5762418, 0.42375806],
    [0.1861840, 0.81381420],
    [0.6687245, 0.33127743],
    [0.7082854, 0.29171503],
    [0.5183024, 0.48169836],
    [0.7217397, 0.27826140],
    [0.6201925, 0.37980822],
    [0.6769989, 0.32300153],
    [0.4880893, 0.51191190]]

With new_ica data, 300 epochs, sigmoid activation

    [[0.5254859  0.47451416]
    [0.5254859  0.47451416]
    [0.5254859  0.47451416]
    [0.5254859  0.47451416]
    [0.5254858  0.4745142 ]
    [0.5254858  0.4745142 ]
    [0.5254858  0.4745142 ]
    [0.5254858  0.4745142 ]
    [0.5254858  0.4745142 ]
    [0.5254858  0.4745142 ]
    [0.5254858  0.4745142 ]
    [0.5254858  0.4745142 ]
    [0.5254858  0.4745142 ]
    [0.5254859  0.47451413]
    [0.5254859  0.47451413]
    [0.5254859  0.47451413]
    [0.5254859  0.47451413]
    [0.5254859  0.47451416]
    [0.5254859  0.47451413]]




_____TSGL_____

With init data, 300 epochs, softmax activation
    [[0.34468523, 0.65531474],
    [0.4223048,  0.5776952 ],
    [0.66058546, 0.33941454],
    [0.82226074, 0.1777392 ],
    [0.85768410, 0.142316  ],
    [0.79356056, 0.2064394 ],
    [0.43697017, 0.5630298 ],
    [0.23311326, 0.7668868 ],
    [0.06507578, 0.93492424],
    [0.48482734, 0.5151727 ],
    [0.50462850, 0.49537155],
    [0.68665516, 0.3133448 ],
    [0.46980935, 0.5301907 ],
    [0.55152243, 0.4484776 ],
    [0.11421819, 0.8857818 ],
    [0.25776443, 0.74223554],
    [0.45055872, 0.5494413 ],
    [0.75034060, 0.24965943],
    [0.59446220, 0.40553778]]

With new_ica data. 300 epochs, sigmoid activation
    [[0.54265636 0.45734364]
    [0.542629   0.45737097]
    [0.54260236 0.45739764]
    [0.54257625 0.45742375]
    [0.54198366 0.45801637]
    [0.5419707  0.4580293 ]
    [0.5423253  0.45767462]
    [0.54230547 0.45769456]
    [0.5422859  0.45771405]
    [0.54240954 0.45759046]
    [0.5423878  0.45761222]
    [0.5423665  0.4576335 ]
    [0.5423457  0.4576543 ]
    [0.5430049  0.45699513]
    [0.5429343  0.45706573]
    [0.54290026 0.4570997 ]
    [0.54283476 0.4571652 ]
    [0.5428032  0.45719677]
    [0.5427724  0.4572276 ]]



_____Deep_____

With init data, 300 epochs, softmax activation
    [[7.0045400e-01, 2.9954603e-01],
    [7.8413427e-01, 2.1586572e-01],
    [7.1874863e-01, 2.8125137e-01],
    [9.9979991e-01, 2.0014797e-04],
    [2.9218609e-02, 9.7078133e-01]
    [9.9454159e-01, 5.4584546e-03],
    [5.5008806e-02, 9.4499117e-01],
    [9.6587259e-01, 3.4127403e-02],
    [6.3271725e-01, 3.6728275e-01],
    [9.8455411e-01, 1.5445878e-02],
    [8.1000119e-01, 1.8999882e-01],
    [9.9752015e-01, 2.4798173e-03],
    [9.8586375e-01, 1.4136297e-02],
    [4.3618846e-01, 5.6381154e-01],
    [1.4959927e-01, 8.5040075e-01],
    [9.5763546e-01, 4.2364582e-02],
    [9.9997401e-01, 2.5972882e-05],
    [9.9117404e-01, 8.8259308e-03],
    [9.9719328e-01, 2.8067816e-03]]

With init data, 300 epochs, sigmoid activation
    [[6.95184946e-01 3.04815054e-01]
    [4.21892613e-01 5.78107417e-01]
    [7.89708734e-01 2.10291266e-01]
    [9.99535143e-01 4.64851793e-04]
    [1.59405246e-01 8.40594828e-01]
    [9.02964830e-01 9.70351920e-02]
    [1.18944913e-01 8.81055117e-01]
    [1.71721101e-01 8.28278899e-01]
    [9.67139781e-01 3.28601785e-02]
    [7.46518612e-01 2.53481418e-01]
    [2.98798531e-01 7.01201379e-01]
    [1.78000614e-10 9.99999940e-01]
    [8.16536665e-01 1.83463335e-01]
    [2.43162528e-01 7.56837428e-01]
    [1.04919985e-01 8.95080090e-01]
    [9.93469775e-01 6.53020665e-03]
    [9.06261265e-01 9.37386826e-02]
    [6.60291553e-01 3.39708477e-01]
    [7.47849047e-01 2.52150923e-01]]

With new_ica data. 300 epochs, sigmoid activation
    [[0.5360175  0.47232914]
    [0.5360175  0.47232914]
    [0.5360175  0.47232914]
    [0.5360175  0.47232914]
    [0.5360173  0.47232932]
    [0.5360173  0.4723293 ]
    [0.53601736 0.4723292 ]
    [0.53601736 0.4723292 ]
    [0.53601736 0.4723292 ]
    [0.5360174  0.47232917]
    [0.53601736 0.4723292 ]
    [0.53601736 0.4723292 ]
    [0.53601736 0.4723292 ]
    [0.5360176  0.472329  ]
    [0.53601754 0.47232905]
    [0.53601754 0.47232905]
    [0.53601754 0.47232908]
    [0.5360175  0.47232908]
    [0.5360175  0.47232908]]


_____Shallow_____

With init data, 300 epochs, sigmoid activation
    [[6.95184946e-01 3.04815054e-01]
    [4.21892613e-01 5.78107417e-01]
    [7.89708734e-01 2.10291266e-01]
    [9.99535143e-01 4.64851793e-04]
    [1.59405246e-01 8.40594828e-01]
    [9.02964830e-01 9.70351920e-02]
    [1.18944913e-01 8.81055117e-01]
    [1.71721101e-01 8.28278899e-01]
    [9.67139781e-01 3.28601785e-02]
    [7.46518612e-01 2.53481418e-01]
    [2.98798531e-01 7.01201379e-01]
    [1.78000614e-10 9.99999940e-01]
    [8.16536665e-01 1.83463335e-01]
    [2.43162528e-01 7.56837428e-01]
    [1.04919985e-01 8.95080090e-01]
    [9.93469775e-01 6.53020665e-03]
    [9.06261265e-01 9.37386826e-02]
    [6.60291553e-01 3.39708477e-01]
    [7.47849047e-01 2.52150923e-01]]

With new_ica data. 300 epochs, sigmoid activation
    [[0.57271165 0.42840087]
    [0.57271165 0.42840084]
    [0.5727115  0.42840093]
    [0.5727117  0.42840075]
    [0.572709   0.42840335]
    [0.5727086  0.42840353]
    [0.57271045 0.42840186]
    [0.5727103  0.42840186]
    [0.5727105  0.42840186]
    [0.5727108  0.42840147]
    [0.5727109  0.42840162]
    [0.57271045 0.42840177]
    [0.5727103  0.42840195]
    [0.5727126  0.42839977]
    [0.5727124  0.42840007]
    [0.57271224 0.42840007]
    [0.5727122  0.4284003 ]
    [0.57271194 0.42840013]
    [0.572712   0.42840016]]

_____TSGL_EEGNet_____

With new_ica data. 300 epochs, sigmoid activation
    [[0.57277614 0.4272239 ]
    [0.57273    0.42727003]
    [0.57268506 0.42731488]
    [0.57264143 0.42735854]
    [0.57171977 0.4282802 ]
    [0.5717015  0.42829838]
    [0.5722332  0.4277668 ]
    [0.5722018  0.4277982 ]
    [0.5721712  0.4278288 ]
    [0.57236767 0.42763233]
    [0.5723327  0.42766732]
    [0.5722986  0.42770135]
    [0.5722655  0.42773452]
    [0.5733805  0.42661947]
    [0.5732559  0.426744  ]
    [0.57319635 0.42680368]
    [0.57308215 0.42691785]
    [0.57302743 0.42697254]
    [0.5729743  0.4270257 ]]